1	9447	Michael Vick
2	2593	Aaron Rodgers
3	4314	Tom Brady
4	7328	Peyton Manning
5	8244	Philip Rivers
6	7242	Drew Brees
7	9226	Josh Freeman
8	732	Matt Ryan
9	4633	Matt Schaub
10	611	Joe Flacco
11	4932	Eli Manning
12	8723	Matt Cassel
13	2428	Carson Palmer
14	1185	David Garrard
15	3807	Ben Roethlisberger
16	8972	Jay Cutler
17	8703	Kyle Orton
18	8415	Mark Sanchez
19	8283	Ryan Fitzpatrick
20	11527	Sam Bradford
21	7015	Donovan McNabb
22	11992	Shaun Hill
23	11859	Jason Campbell
24	8842	Jon Kitna
25	2405	Chad Henne
26	1034	Matt Hasselbeck
27	6739	Alex Smith O
28	3108	Kerry Collins
29	3867	Tony Romo
30	11196	Tim Tebow
31	9528	Brett Favre
32	11047	Colt McCoy
33	12083	Derek Anderson
34	4124	Vince Young
35	12283	Troy Smith
36	7034	Kevin Kolb
37	11447	Jimmy Clausen
38	4737	Drew Stanton
39	11952	Rex Grossman
40	9038	Matthew Stafford P
41	8769	Bruce Gradkowski
42	11755	Seneca Wallace
43	12137	Charlie Whitehurst
44	11567	John Skelton
45	5834	Matt Moore
46	11741	Jake Delhomme
47	4097	Tarvaris Jackson
48	3895	Matt Flynn
49	8844	Stephen McGee
50	12335	Trent Edwards
51	5486	Charlie Batch
52	510	Todd Bouman
53	11688	Mark Brunell
54	11762	Dennis Dixon
55	6489	Josh Johnson
56	5054	Kellen Clemens
57	12498	Brian St Pierre
58	8358	Brian Hoyer
59	6276	Luke McCown
60	12592	Richard Bartel
61	11558	Max Hall
62	9902	Chase Daniel
63	7755	Caleb Hanie
64	12597	Tyler Palko
65	12525	Tony Pike
66	1036	Byron Leftwich
67	11858	Kyle Boller
68	5567	Chad Pennington
69	1482	Jordan Palmer
70	8064	Chris Redman
71	12104	David Carr
72	8590	Dan Orlovsky
72	12301	Rusty Smith
74	4270	Billy Volek
75	12244	Sage Rosenfels
76	147	Brodie Croyle
77	6065	Levi Brown
78	10146	Brian Brohm
79	12164	Todd Collins
PHI	QB	12	233	372	62.6	3018	8.1	21	6	100.18	100	676	6.8	9	25.9	310.32
GB	QB	15	312	475	65.7	3922	8.3	28	11	101.22	64	356	5.6	4	20.3	304.48
NE	QB	16	324	492	65.9	3900	7.9	36	4	110.99	31	30	1	1	18.7	299
IND	QB	16	450	680	66.2	4700	6.9	33	17	91.79	18	18	1	0	17.9	285.8
LAC	QB	16	357	541	66	4710	8.7	30	13	101.82	29	52	1.8	0	17.6	281.6
NO	QB	16	448	658	68.1	4620	7	33	22	90.86	18	-3	-0.2	0	16.9	270.2
TB	QB	16	291	474	61.4	3451	7.3	25	6	95.89	68	364	5.4	0	16.2	258.44
ATL	QB	16	357	571	62.5	3705	6.5	28	9	91	46	122	2.7	0	15.8	252.4
HOU	QB	16	365	574	63.6	4369	7.6	24	12	92.02	22	28	1.3	0	15.3	245.56
BAL	QB	16	306	489	62.6	3622	7.4	25	10	93.61	43	84	2	1	14.5	231.28
NYG	QB	16	339	539	62.9	4002	7.4	31	25	85.28	32	70	2.2	0	14.4	231.08
KC	QB	15	262	450	58.2	3116	6.9	27	7	92.97	33	125	3.8	0	15.3	229.14
CIN	QB	16	362	586	61.8	3970	6.8	26	20	82.36	32	50	1.6	0	14	223.8
JAX	QB	14	236	366	64.5	2734	7.5	23	15	90.81	66	279	4.2	5	15.8	221.26
PIT	QB	12	240	389	61.7	3200	8.2	17	5	96.98	33	176	5.3	2	17.6	211.6
CHI	QB	15	261	432	60.4	3274	7.6	23	16	86.32	51	232	4.5	1	14	210.16
DEN	QB	13	293	498	58.8	3652	7.3	20	9	87.53	22	98	4.5	0	16.1	209.88
NYJ	QB	16	278	507	54.8	3291	6.5	17	13	75.32	30	105	3.5	3	12.6	202.14
BUF	QB	13	255	441	57.8	3000	6.8	23	15	81.83	41	271	6.6	0	15.3	199.1
LAR	QB	16	354	590	60	3512	6	18	15	76.46	27	63	2.3	1	11.9	190.78
WAS	QB	13	275	472	58.3	3377	7.2	14	15	77.09	29	151	5.2	0	13.4	174.18
DET	QB	11	257	416	61.8	2686	6.5	16	12	81.27	22	123	5.6	0	14.5	159.74
LV	QB	13	194	329	59	2387	7.3	13	8	84.49	47	222	4.7	1	12.1	157.68
DAL	QB	10	209	318	65.7	2365	7.4	16	12	88.89	30	150	5	1	15.8	157.6
MIA	QB	15	301	490	61.4	3301	6.7	15	18	76.24	35	52	1.5	0	10.5	157.24
SEA	QB	14	266	444	59.9	2998	6.8	12	17	73.2	23	60	2.6	3	10.6	147.92
SF	QB	11	204	342	59.6	2370	6.9	14	10	82.13	18	60	3.3	0	12.3	134.8
TEN	QB	10	160	278	57.6	1823	6.6	14	8	82.16	10	1	0.1	0	10.9	109.02
DAL	QB	6	148	213	69.5	1605	7.5	11	7	94.9	6	38	6.3	0	16.5	99.1
DEN	QB	9	41	82	50	654	8	5	3	82.06	43	227	5.3	6	11	98.86
MIN	QB	13	217	358	60.6	2509	7	11	19	69.93	18	8	0.4	0	7.5	97.16
CLE	QB	8	135	222	60.8	1576	7.1	6	9	74.46	28	136	4.9	1	11.4	90.94
ARI	QB	12	169	327	51.7	2065	6.3	7	10	65.86	5	25	5	0	7.4	89.1
TEN	QB	9	93	156	59.6	1255	8	10	3	98.64	25	125	5	0	9.9	88.7
SF	QB	6	73	145	50.3	1176	8.1	5	4	77.83	23	121	5.3	1	12.9	77.14
PHI	QB	7	115	189	60.8	1197	6.3	7	7	76.09	14	68	4.9	0	9	62.68
CAR	QB	13	157	299	52.5	1558	5.2	3	9	58.35	23	57	2.5	0	4.5	58.02
DET	QB	6	69	119	58	780	6.6	4	3	78.41	18	113	6.3	1	9.4	56.5
WAS	QB	4	74	133	55.6	884	6.6	7	4	81.16	3	6	2	0	13	51.96
DET	QB	3	57	96	59.4	535	5.6	6	1	91.28	4	11	2.8	1	16.8	50.5
LV	QB	6	83	157	52.9	1059	6.7	5	7	66.28	12	41	3.4	0	8.4	50.46
CLE	QB	8	64	101	63.4	694	6.9	4	2	88.47	7	9	1.3	0	5.3	42.56
SEA	QB	6	57	99	57.6	507	5.1	2	3	65.51	20	43	2.2	1	6.1	36.58
ARI	QB	5	60	126	47.6	662	5.3	2	2	62.33	10	49	4.9	0	6.7	33.38
CAR	QB	6	79	143	55.2	857	6	5	10	55.61	5	25	5	0	5.5	32.78
CLE	QB	5	93	149	62.4	872	5.9	2	7	63.38	8	-2	-0.2	0	5.3	26.68
MIN	QB	3	34	58	58.6	341	5.9	3	4	63.94	7	63	9	0	8.6	25.94
GB	QB	7	40	66	60.6	433	6.6	3	2	82.45	9	26	2.9	0	3.7	25.92
DAL	QB	2	22	44	50	238	5.4	2	0	81.44	13	74	5.7	0	12.5	24.92
JAX	QB	5	55	101	54.5	521	5.2	2	5	54.93	14	58	4.1	0	4.9	24.64
PIT	QB	3	29	49	59.2	352	7.2	3	3	76.23	7	30	4.3	0	7.7	23.08
JAX	QB	1	18	34	52.9	222	6.5	2	2	68.5	2	8	4	0	13.7	13.68
NYJ	QB	2	7	13	53.8	117	9	2	1	91.99	0	0	0	0	5.3	10.68
PIT	QB	2	22	32	68.8	254	7.9	0	1	79.43	5	32	6.4	0	4.7	9.36
TB	QB	11	14	16	87.5	111	6.9	0	0	95.57	4	39	9.8	0	0.8	8.34
NYJ	QB	1	1	2	50	6	3	0	0	56.25	2	9	4.5	1	7.1	7.14
CAR	QB	1	13	28	46.4	173	6.2	1	2	48.66	0	0	0	0	6.9	6.92
NE	QB	5	7	15	46.7	122	8.1	1	1	69.31	10	-8	-0.8	0	1.2	6.08
JAX	QB	1	11	19	57.9	120	6.3	0	0	76.64	1	4	4	0	5.2	5.2
ARI	QB	1	16	28	57.1	150	5.4	0	1	57.14	0	0	0	0	4	4
ARI	QB	6	39	78	50	370	4.7	1	6	35.74	1	-5	-5	0	0.4	2.3
NO	QB	13	2	3	66.7	16	5.3	0	0	79.86	2	16	8	0	0.2	2.24
CHI	QB	2	5	7	71.4	55	7.9	0	0	94.35	1	-1	-1	0	1	2.1
KC	QB	2	4	6	66.7	35	5.8	0	0	81.94	2	5	2.5	0	1	1.9
CAR	QB	1	6	12	50	47	3.9	0	0	60.07	0	0	0	0	1.9	1.88
PIT	QB	1	5	7	71.4	42	6	0	0	86.61	0	0	0	0	1.7	1.68
LV	QB	5	2	4	50	25	6.2	0	1	30.21	7	18	2.6	0	0.2	0.8
MIA	QB	1	1	2	50	19	9.5	0	0	83.33	0	0	0	0	0.8	0.76
CIN	QB	1	3	3	100	18	6	0	0	91.67	0	0	0	0	0.7	0.72
ATL	QB	2	4	6	66.7	20	3.3	0	0	71.53	1	-1	-1	0	0.4	0.7
SF	QB	1	5	13	38.5	67	5.2	0	1	23.56	0	0	0	0	0.7	0.68
HOU	QB	1	0	0	0	0	0	0	0	0	0	0	0	0	0	0
TEN	QB	2	20	40	50	200	5	0	4	25	0	0	0	0	0	0
LAC	QB	3	1	1	100	8	8	0	0	100	6	-5	-0.8	0	-0.1	-0.18
NYG	QB	12	0	0	0	0	0	0	0	0	3	-3	-1	0	0	-0.3
KC	QB	2	8	19	42.1	38	2	0	1	27.74	0	0	0	0	-0.2	-0.48
BUF	QB	1	2	3	66.7	24	8	0	1	51.39	0	0	0	0	-1	-1.04
BUF	QB	1	10	23	43.5	106	4.6	0	3	17.93	0	0	0	0	-3.8	-3.76
CHI	QB	2	10	27	37	68	2.5	0	5	5.86	0	0	0	0	-3.6	-7.28
