1	2593	Aaron Rodgers
2	7242	Drew Brees
3	13320	Cam Newton
4	4314	Tom Brady
5	9038	Matthew Stafford P
6	4932	Eli Manning
7	3867	Tony Romo
8	732	Matt Ryan
9	8244	Philip Rivers
10	8415	Mark Sanchez
11	9447	Michael Vick
12	8283	Ryan Fitzpatrick
13	3807	Ben Roethlisberger
14	6739	Alex Smith O
15	12841	Andy Dalton
16	9226	Josh Freeman
17	611	Joe Flacco
18	11196	Tim Tebow
19	1034	Matt Hasselbeck
20	11047	Colt McCoy
21	4097	Tarvaris Jackson
22	4633	Matt Schaub
23	5834	Matt Moore
24	11952	Rex Grossman
25	8972	Jay Cutler
26	2428	Carson Palmer
27	13270	Christian Ponder
28	12982	Blaine Gabbert
29	11567	John Skelton
30	7034	Kevin Kolb
31	8723	Matt Cassel
32	11527	Sam Bradford
33	8703	Kyle Orton
34	11859	Jason Campbell
35	8621	Curtis Painter
36	7015	Donovan McNabb
37	2405	Chad Henne
38	8590	Dan Orlovsky
39	11942	John Beck
40	12925	Jake Locker
41	3895	Matt Flynn
42	12956	TJ Yates
43	4124	Vince Young
44	5054	Kellen Clemens
45	11755	Seneca Wallace
46	7755	Caleb Hanie
47	12597	Tyler Palko
48	5282	Josh McCown O
49	3108	Kerry Collins
50	12070	AJ Feeley
51	6489	Josh Johnson
52	8844	Stephen McGee
53	12137	Charlie Whitehurst
54	11741	Jake Delhomme
55	8769	Bruce Gradkowski
56	12592	Richard Bartel
57	12201	Matt Leinart
58	5486	Charlie Batch
59	8064	Chris Redman
60	11858	Kyle Boller
61	6276	Luke McCown
62	8842	Jon Kitna
63	12485	JP Losman
64	11992	Shaun Hill
65	13443	Colin Kaepernick
66	11688	Mark Brunell
67	12831	Tyrod Taylor
68	9902	Chase Daniel
69	8358	Brian Hoyer
70	11323	Mike Kafka
71	8673	Tom Brandstater
71	10190	Rudy Carpenter
73	12083	Derek Anderson
74	4270	Billy Volek
GB	QB	15	342	501	68.3	4637	9.3	45	6	122.48	60	257	4.3	3	26.5	397.18
NO	QB	16	468	657	71.2	5476	8.3	46	14	110.63	21	86	4.1	1	24.5	391.64
CAR	QB	16	310	517	60	4051	7.8	21	17	84.54	125	709	5.7	14	23.2	370.64
NE	QB	16	401	611	65.6	5235	8.6	39	12	105.57	43	109	2.5	3	22.9	366.3
DET	QB	16	421	663	63.5	5038	7.6	41	16	97.22	22	78	3.5	0	21.5	343.32
NYG	QB	16	358	588	60.9	4910	8.4	29	16	92.72	35	15	0.4	1	17.5	279.9
DAL	QB	16	346	522	66.3	4184	8	31	10	102.53	22	46	2.1	1	17.2	275.96
ATL	QB	16	347	566	61.3	4177	7.4	29	12	92.17	37	84	2.3	2	17.1	273.48
LAC	QB	16	366	582	62.9	4624	7.9	27	20	88.74	26	36	1.4	1	15.9	254.56
NYJ	QB	16	308	542	56.8	3474	6.4	26	18	78.3	37	103	2.8	6	14.8	237.26
PHI	QB	13	253	423	59.8	3303	7.8	18	14	84.86	74	590	8	1	17.9	233.12
BUF	QB	16	353	569	62	3832	6.7	24	23	79.06	56	208	3.7	0	13.9	222.08
PIT	QB	15	324	513	63.2	4077	7.9	21	14	90.1	31	70	2.3	0	14.4	216.08
SF	QB	16	274	446	61.4	3150	7.1	17	5	90.74	52	179	3.4	2	13.1	209.9
CIN	QB	16	300	516	58.1	3398	6.6	20	13	80.39	37	152	4.1	1	12.9	207.12
TB	QB	15	346	551	62.8	3592	6.5	16	22	74.62	55	238	4.3	4	13.7	205.08
BAL	QB	16	312	542	57.6	3610	6.7	20	12	80.88	40	90	2.2	1	12.7	203.6
DEN	QB	14	126	272	46.3	1729	6.4	12	7	71.16	120	666	5.6	6	14.3	199.76
TEN	QB	16	319	518	61.6	3571	6.9	18	14	82.45	20	52	2.6	0	11.9	190.04
CLE	QB	13	265	463	57.2	2733	5.9	14	11	74.55	60	214	3.6	0	12.4	161.22
SEA	QB	15	271	450	60.2	3091	6.9	14	13	79.22	41	110	2.7	1	10.7	160.64
HOU	QB	10	178	292	61	2479	8.5	15	6	96.82	15	9	0.6	2	15.8	158.06
MIA	QB	13	211	348	60.6	2510	7.2	16	9	87.21	32	72	2.2	2	11.8	153.6
WAS	QB	13	265	458	57.9	3148	6.9	16	20	72.39	20	11	0.6	1	11.3	147.02
CHI	QB	10	182	314	58	2319	7.4	13	7	85.67	18	56	3.1	1	13.6	136.36
LV	QB	10	199	328	60.7	2751	8.4	13	16	80.48	16	20	1.2	1	13.6	136.04
MIN	QB	11	158	291	54.3	1853	6.4	13	13	70.14	28	219	7.8	0	10.7	118.02
JAX	QB	15	210	413	50.8	2214	5.4	12	11	65.38	48	98	2	0	7.6	114.36
ARI	QB	8	151	275	54.9	1913	7	11	14	68.95	28	128	4.6	0	12.9	103.32
ARI	QB	9	146	253	57.7	1955	7.7	9	8	81.05	17	65	3.8	0	11	98.7
KC	QB	9	160	269	59.5	1713	6.4	10	9	76.63	25	99	4	0	10.8	97.02
LAR	QB	10	190	356	53.4	2157	6.1	6	6	70.4	18	26	1.4	0	8.7	86.88
KC	QB	9	150	252	59.5	1758	7	9	9	77.78	11	13	1.2	0	9.5	85.62
LV	QB	6	100	165	60.6	1170	7.1	6	4	84.15	18	60	3.3	2	13.1	78.8
IND	QB	9	132	243	54.3	1541	6.3	6	9	66.57	17	107	6.3	0	8	72.34
MIN	QB	6	94	156	60.3	1026	6.6	4	2	82.91	14	59	4.2	1	10.8	64.94
MIA	QB	4	64	112	57.1	868	7.8	4	4	79.02	14	101	7.2	1	14.7	58.82
IND	QB	8	122	193	63.2	1201	6.2	6	4	82.42	6	5	0.8	0	7.3	58.54
WAS	QB	4	80	132	60.6	858	6.5	2	4	72.1	12	43	3.6	2	12.7	50.62
TEN	QB	5	34	66	51.5	542	8.2	4	0	99.43	8	56	7	1	9.9	49.28
GB	QB	5	33	49	67.3	518	10.6	6	2	124.83	13	-6	-0.5	1	8.8	44.12
HOU	QB	6	82	134	61.2	949	7.1	3	3	80.72	14	57	4.1	0	7.3	43.66
PHI	QB	6	66	114	57.9	866	7.6	4	9	60.78	18	79	4.4	0	6.8	40.54
LAR	QB	3	48	91	52.7	546	6	2	1	73.79	6	37	6.2	1	12.5	37.54
CLE	QB	6	55	107	51.4	567	5.3	2	2	65.44	7	70	10	0	5.8	34.78
CHI	QB	6	51	102	50	613	6	3	9	41.83	13	98	7.5	0	4.7	28.32
KC	QB	6	81	135	60	802	5.9	2	7	60.17	5	15	3	0	4.3	25.58
CHI	QB	3	35	55	63.6	414	7.5	2	4	68.3	12	68	5.7	0	8.5	25.36
IND	QB	3	48	98	49	481	4.9	2	1	65.9	2	-1	-0.5	0	6.4	19.14
LAR	QB	5	53	97	54.6	548	5.6	1	2	66	3	4	1.3	0	3.7	18.32
TB	QB	9	19	36	52.8	246	6.8	1	2	60.65	11	67	6.1	0	1.6	14.54
DAL	QB	1	24	38	63.2	182	4.8	1	0	83.44	4	28	7	0	14.1	14.08
SEA	QB	3	27	56	48.2	298	5.3	1	1	62.95	5	10	2	0	4.3	12.92
HOU	QB	1	18	28	64.3	211	7.5	1	0	98.96	0	0	0	0	10.4	10.44
CIN	QB	2	8	18	44.4	109	6.1	1	1	59.72	3	1	0.3	0	3.2	6.46
ARI	QB	2	10	22	45.5	86	3.9	1	1	52.46	1	9	9	0	3.2	6.34
HOU	QB	2	10	13	76.9	57	4.4	1	0	110.1	1	-1	-1	0	3.1	6.18
PIT	QB	4	15	24	62.5	208	8.7	0	1	72.92	3	-2	-0.7	0	1.5	6.12
ATL	QB	5	18	28	64.3	188	6.7	0	1	68.75	5	-6	-1.2	0	1	4.92
LV	QB	2	15	28	53.6	161	5.8	0	3	31.1	9	38	4.2	0	2.1	4.24
JAX	QB	4	30	56	53.6	296	5.3	0	4	38.99	7	23	3.3	0	1	4.14
DAL	QB	3	6	10	60	87	8.7	1	2	82.08	3	-2	-0.7	0	1.1	3.28
MIA	QB	2	6	10	60	60	6	0	0	77.08	2	1	0.5	0	1.2	2.5
DET	QB	2	2	3	66.7	33	11	0	0	103.47	1	-1	-1	0	0.6	1.22
SF	QB	3	3	5	60	35	7	0	0	81.25	2	-2	-1	0	0.4	1.2
NYJ	QB	16	1	3	33.3	27	9	0	0	67.36	0	0	0	0	0.1	1.08
BAL	QB	3	1	1	100	18	18	0	0	118.75	1	2	2	0	0.3	0.92
NO	QB	16	4	5	80	29	5.8	0	0	90.83	3	-3	-1	0	0.1	0.86
NE	QB	3	1	1	100	22	22	0	0	118.75	4	-3	-0.8	0	0.2	0.58
PHI	QB	4	11	16	68.8	107	6.7	0	2	47.66	3	0	0	0	0.1	0.28
LAR	QB	1	0	2	0	0	0	0	0	39.58	0	0	0	0	0	0
TB	QB	1	0	0	0	0	0	0	0	0	0	0	0	0	0	0
CAR	QB	2	0	0	0	0	0	0	0	0	2	-2	-1	0	-0.1	-0.2
LAC	QB	2	0	0	0	0	0	0	0	0	5	-5	-1	0	-0.2	-0.5
