1	14536	Russell Wilson
2	13320	Cam Newton
3	4314	Tom Brady
4	6739	Alex Smith O
5	17920	Carson Wentz
6	14252	Kirk Cousins
7	9038	Matthew Stafford P
8	8244	Philip Rivers
9	7242	Drew Brees
10	3807	Ben Roethlisberger
11	18055	Dak Prescott IR
12	17922	Jared Goff Q
13	16245	Blake Bortles
14	15694	Case Keenum
15	732	Matt Ryan
16	12831	Tyrod Taylor
17	12841	Andy Dalton
18	16763	Marcus Mariota
19	16311	Derek Carr
20	18018	Jacoby Brissett
21	5282	Josh McCown O
22	16762	Jameis Winston
23	4932	Eli Manning
24	611	Joe Flacco
25	18868	DeShone Kizer
26	18857	Deshaun Watson
27	8972	Jay Cutler
28	18811	Mitchell Trubisky
29	2593	Aaron Rodgers
30	17009	Trevor Siemian
31	16907	Brett Hundley O
32	2428	Carson Palmer
33	18973	C.J. Beathard
34	16041	Jimmy Garoppolo IR
35	8283	Ryan Fitzpatrick
36	14053	Brock Osweiler
37	8358	Brian Hoyer
38	12982	Blaine Gabbert
39	16211	Tom Savage
40	4737	Drew Stanton
41	5834	Matt Moore
42	12956	TJ Yates
43	13723	Nick Foles
43	18079	Kevin Hogan
45	15201	Mike Glennon
46	11527	Sam Bradford
47	16864	Bryce Petty
48	16430	David Fales
49	17929	Paxton Lynch
50	14868	EJ Manuel
51	19029	Nathan Peterman O
52	18890	Patrick Mahomes
53	12771	Ryan Mallett
54	14895	Geno Smith
55	14971	Landry Jones
56	18104	Nate Sudfeld O
57	16850	Sean Mannion
58	17966	Cody Kessler
59	16116	AJ McCarron
60	8723	Matt Cassel
61	19461	Cooper Rush
62	13103	Scott Tolzien
63	17179	Taylor Heinicke
64	12083	Derek Anderson
65	18525	Joe Callahan
66	11047	Colt McCoy
66	19475	Kyle Sloter
66	19238	Taysom Hill
69	14404	Austin Davis
70	9902	Chase Daniel
71	2405	Chad Henne
72	18108	Jake Rudock
73	5054	Kellen Clemens
74	15293	Tyler Bray
75	16497	Teddy Bridgewater
SEA	QB	16	339	553	61.3	3983	7.2	34	11	95.39	95	586	6.2	3	21.7	347.92
CAR	QB	16	291	492	59.1	3302	6.7	22	16	80.69	139	754	5.4	6	18.7	299.48
NE	QB	16	385	581	66.3	4577	7.9	32	8	102.75	25	28	1.1	0	18.5	295.88
KC	QB	15	341	505	67.5	4042	8	26	5	104.74	60	355	5.9	1	19.7	295.18
PHI	QB	13	265	440	60.2	3296	7.5	33	7	101.86	64	299	4.7	0	21.7	281.74
WAS	QB	16	347	540	64.3	4093	7.6	27	13	93.85	49	179	3.7	4	17.4	277.62
DET	QB	16	371	565	65.7	4446	7.9	29	10	99.33	29	98	3.4	0	17.1	273.64
LAC	QB	16	360	575	62.6	4515	7.9	28	10	95.96	18	-2	-0.1	0	16.9	270.4
NO	QB	16	386	536	72	4334	8.1	23	8	103.87	33	12	0.4	2	16.4	262.56
PIT	QB	15	360	561	64.2	4251	7.6	28	14	93.37	28	47	1.7	0	17.4	260.74
DAL	QB	16	308	490	62.9	3324	6.8	22	13	86.64	57	357	6.3	6	16.3	260.66
LAR	QB	15	296	477	62.1	3804	8	28	7	100.48	28	51	1.8	1	17	255.26
JAX	QB	16	315	523	60.2	3687	7	21	13	84.68	57	322	5.6	2	15.6	249.68
MIN	QB	15	325	481	67.6	3547	7.4	22	7	98.3	40	160	4	1	15.9	237.88
ATL	QB	16	342	529	64.7	4095	7.7	20	12	91.36	32	143	4.5	0	14.3	228.1
BUF	QB	15	263	420	62.6	2799	6.7	14	4	89.18	84	427	5.1	4	14.8	222.66
CIN	QB	16	297	496	59.9	3320	6.7	25	12	86.59	38	99	2.6	0	13.2	210.7
TEN	QB	15	281	453	62	3232	7.1	13	15	79.27	60	312	5.2	5	14	210.48
LV	QB	15	323	515	62.7	3496	6.8	22	13	86.36	23	66	2.9	0	13.8	206.44
IND	QB	16	276	469	58.8	3098	6.6	13	7	81.67	63	260	4.1	4	12.9	205.92
NYJ	QB	13	267	397	67.3	2926	7.4	18	9	94.51	37	124	3.4	5	15.8	205.44
TB	QB	13	282	442	63.8	3504	7.9	19	11	92.24	33	135	4.1	1	15.5	201.66
NYG	QB	15	352	571	61.6	3468	6.1	19	13	80.37	12	26	2.2	1	12.5	187.32
BAL	QB	16	352	549	64.1	3141	5.7	18	13	80.42	25	54	2.2	1	11.6	185.04
CLE	QB	15	255	476	53.6	2894	6.1	11	22	60.5	77	419	5.4	5	11.7	175.66
HOU	QB	7	126	204	61.8	1699	8.3	19	8	102.96	36	269	7.5	2	24.1	168.86
MIA	QB	14	266	429	62	2666	6.2	19	14	80.81	19	32	1.7	0	11.3	157.84
CHI	QB	12	196	330	59.4	2193	6.6	7	7	77.5	41	248	6	2	11.2	134.52
GB	QB	7	154	238	64.7	1675	7	16	6	97.23	24	126	5.2	0	18.5	129.6
DEN	QB	11	206	349	59	2285	6.5	12	14	73.3	31	127	4.1	1	11.5	126.1
GB	QB	11	192	316	60.8	1836	5.8	9	12	70.6	36	270	7.5	2	11.3	124.44
ARI	QB	7	164	267	61.4	1978	7.4	9	7	84.45	14	12	0.9	0	14.6	102.32
SF	QB	7	123	224	54.9	1430	6.4	4	6	69.23	26	136	5.2	3	12.7	88.8
SF	QB	6	120	178	67.4	1560	8.8	7	5	96.18	15	11	0.7	1	14.6	87.9
TB	QB	6	96	163	58.9	1103	6.8	7	3	86	15	78	5.2	0	12.3	73.92
DEN	QB	6	96	172	55.8	1088	6.3	5	5	72.53	13	66	5.1	1	11.4	68.12
NE	QB	11	123	211	58.3	1287	6.1	4	4	74.5	9	4	0.4	1	5.8	63.88
ARI	QB	5	95	171	55.6	1086	6.4	6	6	71.92	22	82	3.7	0	12.3	61.64
HOU	QB	8	125	223	56.1	1412	6.3	5	6	71.44	4	2	0.5	0	6.3	50.68
ARI	QB	5	79	159	49.7	894	5.6	6	5	66.39	9	7	0.8	0	10.1	50.46
MIA	QB	4	78	127	61.4	861	6.8	4	5	75.61	3	9	3	0	10.3	41.34
HOU	QB	4	47	97	48.5	523	5.4	4	3	65.79	5	51	10.2	0	8.5	34.02
PHI	QB	7	57	101	56.4	537	5.3	5	2	79.52	11	3	0.3	0	4.8	33.78
CLE	QB	4	46	75	61.3	517	6.9	4	5	71.92	10	71	7.1	0	8.4	33.78
CHI	QB	4	93	140	66.4	833	6	4	5	76.88	4	4	1	0	8.4	33.72
MIN	QB	2	32	43	74.4	382	8.9	3	0	124.37	2	-3	-1.5	0	13.5	26.98
NYJ	QB	4	55	112	49.1	544	4.9	1	3	55.06	7	55	7.9	0	6.3	25.26
MIA	QB	2	29	43	67.4	265	6.2	1	1	82.03	4	8	2	1	9.7	19.4
DEN	QB	2	30	45	66.7	295	6.6	2	3	71.99	5	30	6	0	7.4	14.8
LV	QB	2	24	43	55.8	265	6.2	1	1	72.34	2	15	7.5	0	7	14.1
BUF	QB	4	24	49	49	252	5.1	2	5	38.35	7	23	3.3	0	2.6	10.38
KC	QB	1	22	35	62.9	284	8.1	0	1	76.37	7	10	1.4	0	10.4	10.36
BAL	QB	2	9	16	56.2	56	3.5	2	0	103.12	4	-3	-0.8	0	5	9.94
NYG	QB	2	21	36	58.3	212	5.9	1	0	84.49	4	12	3	0	4.8	9.68
PIT	QB	3	23	28	82.1	239	8.5	1	1	99.26	8	-10	-1.2	0	2.9	8.56
PHI	QB	1	19	23	82.6	134	5.8	0	0	90.94	1	22	22	0	7.6	7.56
LAR	QB	5	22	37	59.5	185	5	0	0	72.47	9	-2	-0.2	0	1	5.2
CLE	QB	3	11	23	47.8	126	5.5	0	1	46.65	1	-1	-1	0	1	2.94
CIN	QB	3	7	14	50	66	4.7	0	0	63.39	0	0	0	0	0.9	2.64
TEN	QB	2	25	42	59.5	162	3.9	1	2	55.85	0	0	0	0	1.2	2.48
DAL	QB	2	1	3	33.3	2	0.7	0	0	42.36	2	13	6.5	0	0.7	1.38
IND	QB	1	9	18	50	128	7.1	0	2	33.8	2	2	1	0	1.3	1.32
HOU	QB	1	1	1	100	10	10	0	0	108.33	1	2	2	0	0.6	0.6
CAR	QB	3	2	8	25	17	2.1	0	0	39.58	2	-2	-1	0	0.2	0.48
GB	QB	1	5	7	71.4	11	1.6	0	0	74.11	0	0	0	0	0.4	0.44
WAS	QB	1	0	0	0	0	0	0	0	0	0	0	0	0	0	0
MIN	QB	1	0	0	0	0	0	0	0	0	0	0	0	0	0	0
NO	QB	5	0	0	0	0	0	0	0	0	0	0	0	0	0	0
SEA	QB	3	0	0	0	0	0	0	0	0	1	-1	-1	0	0	-0.1
NO	QB	1	0	0	0	0	0	0	0	0	3	-2	-0.7	0	-0.2	-0.2
JAX	QB	2	0	2	0	0	0	0	0	39.58	5	-5	-1	0	-0.2	-0.5
DET	QB	2	3	5	60	24	4.8	0	1	32.5	0	0	0	0	-0.5	-1.04
LAC	QB	8	6	8	75	36	4.5	0	1	43.75	5	-5	-1	0	-0.1	-1.06
KC	QB	1	0	1	0	0	0	0	0	39.58	1	0	0	0	-2	-2
MIN	QB	1	0	2	0	0	0	0	1	0	3	-3	-1	0	-2.3	-2.3
